318,2
316,5
318,5
318,4
188,5
188,4
280,4
4,80
4,79
4,78
4294967294,1487
4294967294,1813
888,5
888,4
888,3
888,2
888,1
887,5
887,4
887,3
887,2
887,1
886,4
886,3
886,2
886,1
546,2
816,13
816,0
816,12
816,11
816,10
45,4
544,2
4,77
4,76
4,75
4,74
4,73
4,72
4,71
4,70
4,69
4,68
4,67
4,66
4,65
4,0
4,64
4,38
4,37
4,36
4,35
4,34
4,33
4,32
4,31
4,30
4,29
4,28
4,27
4,26
4,25
4,24
5,4
348,4
161,2
4,2
546,4
400,4
544,6
544,4
544,5
400,3
4294967294,475
885,5
885,4
885,3
885,2
885,1
736,4
2,4
883,4
883,3
883,2
883,1
4,23
4,22
4,21
4,20
4,19
4,18
4,17
4,16
4,15
4,14
4,13
4,12
4,11
4,10
4,9
319,2
4,8
4,7
161,4
161,6
4,4
4,5
675,6
675,5
675,4
745,4
745,5
258,17
342,4
4294967294,221
4294967294,1822
4294967294,1807
4294967294,1795
4294967294,1532
4294967294,474
882,4
882,3
882,2
882,1
881,4
881,3
881,2
881,1
880,4
880,3
880,2
880,1
879,4
879,3
879,2
879,1
424,5
424,2
424,4
4294967294,1821
4294967294,1820
4294967294,1815
4294967294,473
4294967294,448
4294967294,408
424,3
4294967294,1819
4294967294,1818
878,5
878,4
878,3
878,2
878,1
738,3
346,6
346,8
346,7
346,5
346,2
346,4
4294967294,5
358,3
519,3
663,3
233,3
137,3
621,3
124,3
120,3
877,4
877,3
877,2
877,1
4294967294,1030
4294967294,193
4294967294,176
318,3
550,2
550,4
4294967294,412
4294967294,1450
550,3
4294967294,471
4294967294,1629
876,11
876,10
876,9
876,8
876,7
876,6
876,5
876,4
876,3
876,2
876,1
670,10
670,9
670,8
670,7
670,6
670,5
670,2
670,4
4294967294,1599
684,9
4294967294,1447
4294967294,1470
258,25
258,21
258,13
258,9
325,6
328,2
4294967294,263
598,0
875,5
875,4
875,3
875,2
875,1
874,6
874,5
874,4
874,3
874,2
874,1
4294967294,37
4294967294,1812
4294967294,1814
4294967294,1817
781,0
781,18
258,35
258,0
4294967294,160
4294967294,1598
4294967294,1816
4294967294,1528
630,12
630,11
630,10
630,9
630,8
630,7
630,6
630,5
630,2
630,4
706,3
269,3
709,3
301,3
294,3
161,3
873,7
873,6
873,5
873,4
873,3
873,2
873,1
4294967294,1597
96,4
872,4
872,3
872,2
872,1
163,5
4,6
4,1
161,5
4294967294,1809
4294967294,1808
4294967294,1806
871,4
871,3
871,2
871,1
4294967294,1489
870,4
870,3
870,2
870,1
4294967294,1488
869,4
869,3
869,2
869,1
4294967294,1419
868,4
868,3
868,2
868,1
4294967294,1429
331,2
4294967294,189
4294967294,12
867,5
867,4
867,3
867,2
867,1
4294967294,1596
866,5
866,4
866,3
866,2
866,1
865,5
4294967294,94
865,4
865,3
865,2
865,1
863,5
863,4
863,3
863,2
863,1
4294967294,1444
862,5
862,4
862,3
862,2
862,1
861,5
861,4
861,3
861,2
861,1
860,5
860,4
860,3
860,2
860,1
859,5
859,4
859,3
859,2
859,1
4294967294,1800
4294967294,1811
858,5
858,4
4294967294,1796
858,3
858,2
858,1
857,6
857,5
857,4
857,3
857,2
857,1
854,4
854,3
854,2
854,1
853,6
853,5
853,4
853,3
853,2
853,1
850,9
4294967294,199
4294967294,1037
4294967294,1042
4294967294,1027
4294967294,182
850,8
850,7
850,6
850,5
850,4
850,3
850,2
850,1
258,34
4294967294,457
849,11
4294967294,1595
849,10
849,9
849,8
849,7
849,6
849,5
849,4
849,3
849,2
849,1
4294967294,68
4294967294,11
163,4
163,1
163,0
163,7
163,2
4294967294,1628
848,8
848,7
848,6
848,5
848,4
848,3
848,2
848,1
843,6
843,5
843,4
843,3
843,2
843,1
4294967279,542
4294967294,196
840,6
840,5
840,4
840,3
840,2
840,1
4294967279,365
4294967278,292
837,4
837,3
837,2
837,1
374,4
14,4
591,134
591,131
591,128
591,60
591,47
591,36
591,25
465,4
4294967294,1070
440,5
440,2
440,4
4294967294,1803
4294967294,1594
440,3
554,2
554,4
4294967294,402
4294967294,466
554,3
729,2
729,4
729,3
728,2
728,4
728,3
436,5
436,2
436,4
4294967294,1810
436,3
836,5
836,4
836,3
836,2
836,1
652,4
835,5
835,4
835,3
835,2
835,1
4294967294,1593
258,33
4294967294,220
653,5
653,2
653,4
653,3
654,4
833,4
833,3
833,2
833,1
4294967294,1498
655,5
655,2
655,4
4294967294,1805
655,3
4294967278,402
428,5
428,2
428,4
4294967294,1592
428,3
4294967294,397
832,5
832,4
832,3
832,2
832,1
830,5
830,4
830,3
830,2
830,1
4294967294,1035
4294967294,162
4294967294,192
4294967294,1038
828,5
828,4
828,3
828,2
828,1
4294967278,414
4294967279,567
4294967294,1591
4294967294,1801
581,5
581,2
581,4
4294967294,1590
4294967294,410
4294967294,460
581,3
4294967294,1589
4294967294,1588
4294967279,524
4294967278,88
4294967294,1587
4294967294,180
4294967294,1465
339,6
345,6
345,5
345,4
339,5
339,7
339,4
337,4
331,6
320,4
331,5
331,4
320,5
328,6
328,5
328,4
325,1
325,5
325,4
258,28
258,27
258,26
258,24
258,23
258,22
258,20
258,19
258,18
258,16
258,15
258,14
258,12
258,11
258,10
258,8
258,6
258,5
319,5
319,4
4294967294,1522
4294967294,1586
374,3
360,5
360,2
360,4
549,3
368,3
369,3
255,3
742,3
669,3
586,3
689,3
513,3
316,3
675,3
601,3
666,3
287,3
716,3
277,3
657,3
577,3
727,3
572,3
625,3
345,3
360,3
495,3
251,3
229,3
199,3
189,3
184,3
182,3
175,3
163,3
122,3
4294967278,389
4294967279,303
4294967294,1567
591,168
591,186
591,1774
591,1
591,169
591,1164
591,1161
591,17
591,494
591,490
591,485
591,482
591,477
591,471
591,469
591,465
591,461
591,455
591,450
591,165
591,162
591,157
591,154
591,147
591,138
591,57
591,18
591,1084
591,1039
591,953
591,911
591,881
591,852
591,804
591,760
591,711
591,628
591,596
591,538
591,428
591,418
591,386
591,339
591,235
591,116
591,105
591,68
591,2
4294967294,1464
826,6
826,5
826,4
826,3
826,2
826,1
748,11
748,10
748,9
748,8
748,7
748,6
748,5
748,2
748,4
4294967278,2
4294967279,369
4294967294,418
4294967294,1627
4294967278,137
823,10
823,9
823,8
823,7
823,6
823,5
823,4
823,3
823,2
823,1
4294967278,255
4294967278,252
4294967294,1626
4294967278,251
4294967278,249
4294967294,1625
4294967278,372
4294967279,522
4294967278,241
4294967278,239
4294967294,194
4294967294,1585
4294967294,1624
4294967278,235
816,9
816,8
816,7
816,6
816,5
816,4
816,3
816,2
816,1
712,8
712,7
712,6
712,5
712,2
712,4
732,3
715,3
569,3
502,3
188,3
186,3
4294967278,233
4294967278,231
4,3
4294967294,470
815,6
815,5
815,4
815,3
815,2
815,1
4294967279,88
4294967294,118
4294967294,416
346,3
812,6
812,5
812,4
812,3
812,2
812,1
4294967278,227
4294967278,225
809,4
809,3
809,2
809,1
598,7
598,4
598,1
598,8
598,2
4294967294,1415
808,6
808,5
808,4
808,3
808,2
808,1
4294967279,2
4294967278,217
4294967279,333
4294967294,1503
4294967278,391
4294967294,1623
807,8
807,7
807,6
807,5
807,4
807,3
807,2
807,1
4294967278,383
4294967279,531
4294967278,381
4294967278,380
4294967278,378
4294967279,533
4294967278,377
718,5
718,2
718,4
4294967294,1480
258,32
591,9
591,4
591,1113
591,1775
591,167
591,23
591,499
591,6
4294967294,1469
4294967294,1049
4294967294,1457
307,13
307,12
307,11
307,10
307,9
307,8
307,7
307,6
307,5
307,2
307,4
4294967294,1584
804,7
804,6
804,5
804,4
804,3
804,2
804,1
734,2
734,4
734,3
4294967278,376
4294967294,1451
4294967294,262
4294967294,261
4294967294,456
4294967294,454
4294967294,1026
4294967294,453
4294967294,66
4294967294,65
4294967294,64
4294967294,63
4294967294,62
4294967294,57
4294967294,258
4294967294,55
4294967294,56
4294967294,260
4294967294,259
4294967294,60
4294967294,61
803,7
803,6
803,5
803,4
803,3
803,2
803,1
720,6
720,5
720,2
720,4
4294967294,406
4294967294,116
4294967294,463
4294967294,459
4294967294,451
4294967294,1622
802,8
802,7
802,6
802,5
802,4
802,3
802,2
802,1
719,7
719,6
719,5
719,2
719,4
4294967294,1583
4294967294,1566
4294967294,1798
4294967279,299
4294967278,299
4294967279,244
4294967279,328
4294967294,1621
4294967279,326
801,8
801,7
801,6
801,5
801,4
801,3
801,2
801,1
4294967294,1074
4294967294,1033
4294967294,421
4294967294,161
4294967279,359
4294967279,294
4294967278,415
4294967294,1620
800,12
800,11
800,10
800,9
800,8
800,7
800,6
800,5
800,4
800,3
800,2
800,1
679,11
679,10
679,9
679,8
679,7
679,6
679,5
679,2
679,4
336,3
630,3
611,3
542,3
492,3
253,3
748,3
238,3
209,3
474,3
205,3
176,3
697,3
146,3
117,3
4294967279,550
4294967278,333
4294967294,1582
4294967294,1619
799,12
799,11
799,10
799,9
799,8
799,7
799,6
799,5
799,4
799,3
799,2
799,1
4294967294,1804
4294967294,1618
798,8
798,7
798,6
798,5
798,4
798,3
798,2
798,1
4294967294,1617
797,9
797,8
797,7
797,6
797,5
797,4
797,3
797,2
797,1
4294967278,423
4294967278,427
4294967294,1616
4294967294,1615
795,8
795,7
795,6
795,5
795,4
795,3
795,2
795,1
4294967294,202
4294967278,355
794,6
794,5
794,4
794,3
794,2
794,1
4294967279,222
4294967278,219
4294967279,220
4294967279,218
4294967279,276
4294967294,1797
4294967278,393
4294967279,259
644,4
4294967279,214
791,6
791,5
791,4
791,3
791,2
791,1
4294967279,322
4294967278,263
635,5
635,2
635,4
4294967279,548
4294967279,319
4294967279,318
4294967279,226
4294967278,401
789,7
789,6
789,5
789,4
789,3
789,2
789,1
4294967279,315
645,5
645,2
645,4
694,3
637,3
4294967278,379
4294967278,404
4294967279,526
787,6
787,5
787,4
787,3
787,2
787,1
4294967279,308
4294967278,280
640,4
784,7
784,6
784,5
784,4
784,3
784,2
784,1
4294967278,370
4294967279,278
4294967278,363
4294967279,519
4294967279,290
4294967279,297
4294967278,349
4294967294,1614
781,17
781,16
781,15
781,14
781,13
781,12
781,11
781,10
781,9
781,8
781,7
781,6
781,5
781,4
781,3
781,2
781,1
4294967294,1511
4294967278,330
732,8
732,7
732,6
732,5
732,2
732,4
4294967279,296
4294967278,229
4294967279,530
4294967278,360
4294967294,1581
4294967278,416
4294967294,1613
4294967278,358
4294967294,1574
4294967294,1534
641,14
641,13
641,12
641,11
641,10
641,9
641,8
641,7
641,6
641,15
641,5
641,2
641,4
4294967294,110
4294967294,191
4294967294,1443
174,3
684,3
4294967294,1448
4294967279,295
4294967294,502
4294967279,293
4294967279,175
4294967278,168
779,6
4294967279,168
779,5
779,4
779,3
779,2
779,1
4294967278,354
4294967279,528
4294967278,290
4294967278,156
4294967279,298
4294967278,345
4294967279,152
4294967278,359
4294967294,1537
648,4
4294967278,344
4294967279,517
4294967294,1468
4294967279,351
4294967279,216
4294967278,408
4294967279,336
4294967278,420
4294967294,1612
776,16
776,15
776,14
776,13
776,12
776,11
4294967279,137
776,10
776,9
776,8
776,7
776,6
776,5
776,4
776,3
776,2
776,1
4294967279,556
4294967279,358
4294967278,433
4294967279,266
4294967279,366
4294967294,1611
4294967279,553
4294967278,343
4294967294,401
4294967279,240
4294967279,514
4294967278,342
4294967279,238
4294967278,341
4294967279,234
4294967278,282
4294967294,1610
4294967279,232
4294967294,1452
4294967294,1570
721,13
721,12
721,11
721,10
721,9
721,8
721,7
721,6
721,5
721,2
721,4
4294967278,353
223,3
193,3
168,3
148,3
4294967294,1501
4294967294,1580
4294967278,350
4294967279,325
4294967294,1536
4294967278,340
4294967279,324
4294967278,338
4294967294,385
4294967294,384
4294967294,1047
4294967294,113
4294967294,169
4294967294,111
4294967294,1575
4294967294,468
4294967294,449
4294967294,1609
4294967279,213
773,9
773,8
773,7
773,6
773,5
773,4
773,3
773,2
773,1
4294967278,336
4294967278,417
4294967279,242
4294967294,1608
4294967278,368
4294967278,331
4294967294,1500
128,7
128,6
128,5
128,2
128,4
4294967294,1526
4294967294,1516
4294967294,120
4294967294,213
4294967294,1546
258,1
258,31
258,2
258,29
4294967279,536
4294967278,329
4294967278,375
4294967279,569
4294967278,327
4294967279,184
4294967279,180
771,6
771,5
771,4
771,3
771,2
771,1
4294967294,1424
4294967278,326
4294967278,382
4294967279,285
4294967278,325
4294967279,361
4294967278,324
4294967278,322
4294967279,360
770,6
4294967278,161
770,5
770,4
770,3
770,2
770,1
4294967278,215
4294967279,539
4294967279,224
4294967278,319
4294967294,489
4294967279,269
4294967279,343
4294967278,323
4294967279,281
4294967294,1032
4294967279,277
4294967279,342
4294967278,318
4294967279,273
4294967278,317
4294967278,149
4294967279,148
4294967278,147
769,6
769,5
769,4
4294967278,145
769,3
769,2
769,1
4294967279,143
4294967279,382
4294967279,267
4294967278,243
4294967279,341
4294967278,386
4294967279,537
4294967278,421
4294967279,340
4294967279,272
4294967279,136
4294967278,136
4294967278,316
4294967294,1438
4294967294,1463
4294967279,346
4294967278,321
4294967279,381
4294967279,330
4294967294,1792
4294967294,198
4294967294,1040
4294967294,170
4294967279,380
4294967279,379
4294967279,258
767,6
767,5
767,4
767,3
767,2
767,1
4294967278,432
4294967278,294
4294967279,378
4294967279,337
4294967279,570
4294967278,254
4294967278,309
4294967278,430
4294967279,249
4294967294,1561
4294967294,1459
4294967294,490
4294967279,377
4294967278,293
4294967278,303
4294967279,252
4294967278,289
4294967279,376
4294967278,240
4294967294,1607
765,9
765,8
765,7
765,6
765,5
765,4
765,2
765,1
4294967279,251
4294967278,300
4294967279,332
4294967278,272
4294967279,354
4294967294,1433
4294967278,334
4294967278,214
4294967278,286
4294967279,304
4294967294,1606
764,11
764,10
764,9
764,8
764,7
764,6
764,5
764,4
4294967294,1436
764,2
764,1
4294967278,332
4294967279,282
4294967278,413
4294967279,561
4294967294,1576
4294967278,442
4294967279,321
4294967278,297
4294967279,289
4294967278,194
4294967279,194
4294967294,175
4294967279,320
4294967278,328
4294967279,274
4294967278,296
4294967278,295
4294967279,335
4294967279,375
4294967278,176
4294967279,170
762,6
4294967279,172
762,5
762,4
762,3
762,2
762,1
4294967279,331
4294967279,169
4294967279,374
4294967279,565
4294967279,564
4294967278,446
4294967278,166
4294967294,1605
4294967279,163
761,27
761,26
761,25
761,24
761,23
761,22
761,21
761,20
761,19
761,18
761,17
761,16
761,15
761,14
761,13
761,12
761,11
761,10
761,9
4294967278,151
761,8
4294967279,150
761,7
4294967278,150
761,6
4294967279,149
761,5
761,4
761,3
761,2
761,1
4294967279,559
4294967278,356
4294967279,362
4294967279,230
4294967279,228
4294967279,350
4294967279,383
4294967294,1604
4294967278,134
4294967279,133
4294967278,133
4294967279,271
4294967279,270
4294967278,273
4294967278,351
4294967294,1425
4294967279,329
4294967278,395
4294967279,302
4294967279,301
4294967279,174
4294967279,300
4294967278,307
4294967294,1603
4294967279,521
4294967278,411
4294967279,255
4294967278,261
4294967279,254
4294967278,278
4294967278,258
4294967279,311
4294967278,418
4294967279,525
4294967278,445
4294967278,443
4294967278,441
4294967278,352
4294967278,347
4294967279,245
4294967294,1602
4294967278,244
4294967279,243
4294967278,242
4294967294,1601
4294967278,216
4294967279,235
4294967278,437
4294967279,215
4294967279,554
4294967279,552
4294967279,549
4294967279,547
4294967278,365
4294967294,1600
4294967278,362
4294967279,287
4294967294,1579
4294967278,247
4294967278,245
4294967279,323
4294967278,209
4294967279,204
4294967279,202
4294967279,201
4294967278,200
4294967279,200
4294967278,199
4294967279,199
4294967279,198
258,30
4294967278,305
4294967279,334
4294967278,407
4294967279,544
4294967278,409
4294967278,335
4294967294,1458
4294967279,357
738,5
738,2
738,4
4294967279,185
4294967294,510
4294967294,399
4294967294,186
4294967294,1048
4294967294,444
4294967294,415
4294967294,467
4294967294,164
4294967294,455
4294967294,391
4294967294,119
4294967294,184
4294967294,461
4294967278,183
4294967294,1426
4294967294,1439
4294967279,532
4294967278,266
4294967294,437
4294967294,1485
4294967278,181
4294967278,180
4294967278,364
4294967278,361
4294967278,357
4294967278,390
4294967279,178
4294967293,131
4294967293,130
4294967293,129
4294967293,128
4294967293,127
4294967293,126
4294967293,125
4294967293,124
4294967293,123
4294967293,122
4294967293,121
4294967293,120
4294967293,119
4294967293,118
4294967293,117
4294967293,116
4294967293,115
4294967293,114
4294967293,113
4294967293,112
4294967293,111
4294967293,110
4294967293,109
4294967293,108
4294967293,107
4294967293,106
4294967293,105
4294967293,104
4294967293,103
4294967293,102
4294967293,101
4294967293,100
4294967293,99
4294967293,98
4294967293,97
4294967293,96
4294967293,95
4294967293,94
4294967293,93
4294967293,92
4294967293,91
4294967293,90
4294967293,89
4294967293,87
4294967293,86
4294967293,85
4294967293,84
4294967293,83
4294967293,82
4294967293,81
4294967293,80
4294967293,79
4294967293,78
4294967293,77
4294967293,76
4294967293,75
4294967293,74
4294967293,73
4294967293,72
4294967293,71
4294967293,70
4294967293,69
4294967293,68
4294967293,67
4294967293,66
4294967293,65
4294967293,64
4294967293,63
4294967293,62
4294967293,61
4294967293,60
4294967293,59
4294967293,58
4294967293,57
4294967293,56
4294967293,55
4294967293,54
4294967293,53
4294967293,52
4294967293,51
4294967293,50
4294967293,49
4294967293,48
4294967293,47
4294967293,46
4294967293,45
4294967293,44
4294967293,43
4294967293,42
4294967293,41
4294967293,40
4294967293,39
4294967293,38
4294967293,37
4294967293,36
4294967293,35
4294967293,34
4294967293,33
4294967293,32
4294967293,31
4294967293,30
4294967293,29
4294967293,28
4294967293,27
4294967293,26
4294967293,25
4294967293,24
4294967293,23
4294967293,22
4294967293,21
4294967293,20
4294967293,19
4294967293,18
4294967293,17
4294967293,16
4294967293,15
4294967293,14
4294967293,13
4294967293,12
4294967293,11
4294967293,10
4294967293,9
4294967293,8
4294967293,7
4294967293,6
4294967293,5
4294967293,4
4294967293,3
4294967278,131
4294967278,129
4294967278,128
4294967278,127
4294967278,126
4294967278,125
4294967278,124
4294967278,123
4294967278,122
4294967278,121
4294967278,120
4294967278,119
4294967278,115
4294967278,113
4294967278,112
4294967278,111
4294967278,110
4294967278,109
4294967278,108
4294967278,107
4294967278,106
4294967278,105
4294967278,103
4294967278,100
4294967278,98
4294967278,97
4294967278,96
4294967278,95
4294967278,94
4294967278,93
4294967278,92
4294967278,91
4294967278,90
4294967278,87
4294967278,84
4294967278,82
4294967278,81
4294967278,80
4294967278,79
4294967278,78
4294967278,77
4294967278,76
4294967278,75
4294967278,74
4294967278,73
4294967278,72
4294967278,69
4294967278,68
4294967278,66
4294967278,65
4294967278,61
4294967278,51
4294967278,50
4294967278,49
4294967278,48
4294967278,47
4294967278,46
4294967278,45
4294967278,44
4294967278,426
4294967278,43
4294967278,388
4294967278,42
4294967278,422
4294967278,41
4294967278,39
4294967278,256
4294967278,36
4294967278,34
4294967278,33
4294967278,32
4294967278,434
4294967278,31
4294967278,30
4294967278,29
4294967278,28
4294967278,27
4294967278,26
4294967278,385
4294967278,25
4294967278,24
4294967278,22
4294967278,348
4294967278,19
4294967278,17
4294967278,396
4294967278,16
4294967278,15
4294967278,429
